b = 40;
d = 10;
tw = 10/1000;
t = 12.5/1000;

S = (2*b*t)/(d*tw);

be = 0.6*b;
